1744986280999
823318999099
873180355346
1835663098650
2540673325881
474318765327
2684176203412
1310671743993
2216151434215
2617591107131
1373413593471
943516405463
634279053370
2563889071908
2054008565117
2001028356464
973809638608
1514710472859
1773282488342
286254664010
1936509834976
2433001953790
5369292086
2087244261931
1065461950747
2288235795570
229801076627
1214436084637
76873777318
665370964040
73500424081
2218644819425
110889999377
903337230330
129475395073
1911746449411
215236963289
1196126319132
2286797210096
1047707432959
617041954658
769947555319
2116806842140
1248246696990
994560452240
2515191703133
2462198300615
1056104405904
72916045999
